0
0
0
0
0
0
0
0
0
0
0
0
0
0
0
0
0
0
0
0
0
0
0
0
0
0
0
0
0
0
0
0
0
0
0
0
0
0
0
0
0
0
0
0
0
0
0
0
0
0
0
0
0
0
0
0
0
0
0
1
1
1
1
2
3
4
5
6
8
20
28
39
53
66
102
142
189
262
338
416
476
552
647
647
723
772
824
872
911
943
969
992
1015
1035
1049
1064
1072
1078
1084
1086
1094
1098
1105
1107
1112
1112
1114
1117
1121
1122
1124
1126
1129
1132
1134
1136
1137
1137
1138
1139
1141
1142
1144
1147
1147
1147
1147
1148
1148
1149
1149
1153
1153
1153
1154
1154
1154
1154
1154
1154
1154
1154
1154
1154
1154
1154
1154
1154
1154
1154
1154
1154
1154
1154
1154
1154
1154
